{
 "cells": [
  {
   "attachments": {},
   "cell_type": "markdown",
   "metadata": {},
   "source": [
    "### Подготовка датасета для предсказаний болезней сердца"
   ]
  },
  {
   "cell_type": "code",
   "execution_count": 79,
   "metadata": {},
   "outputs": [],
   "source": [
    "import pandas as pd\n",
    "import category_encoders as ce\n",
    "import matplotlib.pyplot as plt\n",
    "import seaborn as sns\n",
    "from sklearn import preprocessing"
   ]
  },
  {
   "attachments": {},
   "cell_type": "markdown",
   "metadata": {},
   "source": [
    "* age — возраст\n",
    "* sex — пол (1 - мужчина, 0 - женщина)\n",
    "* cp — тип боли в груди (4 значения)\n",
    "* trestbps — артериальное давление в покое\n",
    "* chol — холестерин сыворотки в мг/дл\n",
    "* fbs — уровень сахара в крови натощак > 120 мг/дл\n",
    "* restecg — результаты электрокардиографии в покое (значения 0,1,2)\n",
    "* thalach — достигнута максимальная частота сердечных сокращений\n",
    "* exang — стенокардия, вызванная физической нагрузкой\n",
    "* oldpeak — депрессия ST, вызванная физической нагрузкой, по сравнению с состоянием покоя\n",
    "* slope — наклон пикового сегмента ST при нагрузке\n",
    "* ca — количество крупных сосудов (0-3), окрашенных при флюроскопии\n",
    "* thal — дефект, где 3 = нормальный; 6 = фиксированный дефект; 7 = обратимый дефект"
   ]
  },
  {
   "cell_type": "code",
   "execution_count": 59,
   "metadata": {},
   "outputs": [
    {
     "data": {
      "text/html": [
       "<div>\n",
       "<style scoped>\n",
       "    .dataframe tbody tr th:only-of-type {\n",
       "        vertical-align: middle;\n",
       "    }\n",
       "\n",
       "    .dataframe tbody tr th {\n",
       "        vertical-align: top;\n",
       "    }\n",
       "\n",
       "    .dataframe thead th {\n",
       "        text-align: right;\n",
       "    }\n",
       "</style>\n",
       "<table border=\"1\" class=\"dataframe\">\n",
       "  <thead>\n",
       "    <tr style=\"text-align: right;\">\n",
       "      <th></th>\n",
       "      <th>age</th>\n",
       "      <th>sex</th>\n",
       "      <th>cp</th>\n",
       "      <th>trestbps</th>\n",
       "      <th>chol</th>\n",
       "      <th>fbs</th>\n",
       "      <th>restecg</th>\n",
       "      <th>thalach</th>\n",
       "      <th>exang</th>\n",
       "      <th>oldpeak</th>\n",
       "      <th>slope</th>\n",
       "      <th>ca</th>\n",
       "      <th>thal</th>\n",
       "      <th>target</th>\n",
       "    </tr>\n",
       "  </thead>\n",
       "  <tbody>\n",
       "    <tr>\n",
       "      <th>0</th>\n",
       "      <td>63</td>\n",
       "      <td>1</td>\n",
       "      <td>3</td>\n",
       "      <td>145</td>\n",
       "      <td>233</td>\n",
       "      <td>1</td>\n",
       "      <td>0</td>\n",
       "      <td>150</td>\n",
       "      <td>0</td>\n",
       "      <td>2.3</td>\n",
       "      <td>0</td>\n",
       "      <td>0</td>\n",
       "      <td>1</td>\n",
       "      <td>1</td>\n",
       "    </tr>\n",
       "    <tr>\n",
       "      <th>1</th>\n",
       "      <td>37</td>\n",
       "      <td>1</td>\n",
       "      <td>2</td>\n",
       "      <td>130</td>\n",
       "      <td>250</td>\n",
       "      <td>0</td>\n",
       "      <td>1</td>\n",
       "      <td>187</td>\n",
       "      <td>0</td>\n",
       "      <td>3.5</td>\n",
       "      <td>0</td>\n",
       "      <td>0</td>\n",
       "      <td>2</td>\n",
       "      <td>1</td>\n",
       "    </tr>\n",
       "    <tr>\n",
       "      <th>2</th>\n",
       "      <td>41</td>\n",
       "      <td>0</td>\n",
       "      <td>1</td>\n",
       "      <td>130</td>\n",
       "      <td>204</td>\n",
       "      <td>0</td>\n",
       "      <td>0</td>\n",
       "      <td>172</td>\n",
       "      <td>0</td>\n",
       "      <td>1.4</td>\n",
       "      <td>2</td>\n",
       "      <td>0</td>\n",
       "      <td>2</td>\n",
       "      <td>1</td>\n",
       "    </tr>\n",
       "  </tbody>\n",
       "</table>\n",
       "</div>"
      ],
      "text/plain": [
       "   age  sex  cp  trestbps  chol  fbs  restecg  thalach  exang  oldpeak  slope  \\\n",
       "0   63    1   3       145   233    1        0      150      0      2.3      0   \n",
       "1   37    1   2       130   250    0        1      187      0      3.5      0   \n",
       "2   41    0   1       130   204    0        0      172      0      1.4      2   \n",
       "\n",
       "   ca  thal  target  \n",
       "0   0     1       1  \n",
       "1   0     2       1  \n",
       "2   0     2       1  "
      ]
     },
     "execution_count": 59,
     "metadata": {},
     "output_type": "execute_result"
    }
   ],
   "source": [
    "heart_data = pd.read_csv('../data/heart.csv')\n",
    "heart_data.head(3)"
   ]
  },
  {
   "cell_type": "code",
   "execution_count": 60,
   "metadata": {},
   "outputs": [],
   "source": [
    "heart_data['old'] = heart_data['age'].apply(lambda x: 1 if x > 60 else 0)"
   ]
  },
  {
   "cell_type": "code",
   "execution_count": 61,
   "metadata": {},
   "outputs": [],
   "source": [
    "import numpy as np\n",
    "\n",
    "age_intervals = pd.cut(heart_data.age, bins=[0, 20, 30, 40, 50, 60, np.inf])\n",
    "\n",
    "trestbps_man = {0: 123, 1: 126, 2:129, 3:135, 4:142, 5:142}\n",
    "trestbps_woman = {0: 116, 1: 120, 2:127, 3:137, 4:144, 5:169}\n",
    "\n",
    "heart_data['trestbps_mean'] = 0\n",
    "heart_data.loc[heart_data.sex == 1, 'trestbps_mean'] = age_intervals.cat.codes.astype(int).replace(trestbps_man)\n",
    "heart_data.loc[heart_data.sex == 0, 'trestbps_mean'] = age_intervals.cat.codes.astype(int).replace(trestbps_woman)"
   ]
  },
  {
   "cell_type": "code",
   "execution_count": 8,
   "metadata": {},
   "outputs": [
    {
     "data": {
      "text/html": [
       "<div>\n",
       "<style scoped>\n",
       "    .dataframe tbody tr th:only-of-type {\n",
       "        vertical-align: middle;\n",
       "    }\n",
       "\n",
       "    .dataframe tbody tr th {\n",
       "        vertical-align: top;\n",
       "    }\n",
       "\n",
       "    .dataframe thead th {\n",
       "        text-align: right;\n",
       "    }\n",
       "</style>\n",
       "<table border=\"1\" class=\"dataframe\">\n",
       "  <thead>\n",
       "    <tr style=\"text-align: right;\">\n",
       "      <th></th>\n",
       "      <th>age</th>\n",
       "      <th>sex</th>\n",
       "      <th>cp</th>\n",
       "      <th>trestbps</th>\n",
       "      <th>chol</th>\n",
       "      <th>fbs</th>\n",
       "      <th>restecg</th>\n",
       "      <th>thalach</th>\n",
       "      <th>exang</th>\n",
       "      <th>oldpeak</th>\n",
       "      <th>slope</th>\n",
       "      <th>ca</th>\n",
       "      <th>thal</th>\n",
       "      <th>target</th>\n",
       "      <th>old</th>\n",
       "      <th>trestbps_mean</th>\n",
       "    </tr>\n",
       "  </thead>\n",
       "  <tbody>\n",
       "    <tr>\n",
       "      <th>count</th>\n",
       "      <td>303.000000</td>\n",
       "      <td>303.000000</td>\n",
       "      <td>303.000000</td>\n",
       "      <td>303.000000</td>\n",
       "      <td>303.000000</td>\n",
       "      <td>303.000000</td>\n",
       "      <td>303.000000</td>\n",
       "      <td>303.000000</td>\n",
       "      <td>303.000000</td>\n",
       "      <td>303.000000</td>\n",
       "      <td>303.000000</td>\n",
       "      <td>303.000000</td>\n",
       "      <td>303.000000</td>\n",
       "      <td>303.000000</td>\n",
       "      <td>303.000000</td>\n",
       "      <td>303.000000</td>\n",
       "    </tr>\n",
       "    <tr>\n",
       "      <th>mean</th>\n",
       "      <td>54.366337</td>\n",
       "      <td>0.683168</td>\n",
       "      <td>0.966997</td>\n",
       "      <td>131.623762</td>\n",
       "      <td>246.264026</td>\n",
       "      <td>0.148515</td>\n",
       "      <td>0.528053</td>\n",
       "      <td>149.646865</td>\n",
       "      <td>0.326733</td>\n",
       "      <td>1.039604</td>\n",
       "      <td>1.399340</td>\n",
       "      <td>0.729373</td>\n",
       "      <td>2.313531</td>\n",
       "      <td>0.544554</td>\n",
       "      <td>0.260726</td>\n",
       "      <td>142.792079</td>\n",
       "    </tr>\n",
       "    <tr>\n",
       "      <th>std</th>\n",
       "      <td>9.082101</td>\n",
       "      <td>0.466011</td>\n",
       "      <td>1.032052</td>\n",
       "      <td>17.538143</td>\n",
       "      <td>51.830751</td>\n",
       "      <td>0.356198</td>\n",
       "      <td>0.525860</td>\n",
       "      <td>22.905161</td>\n",
       "      <td>0.469794</td>\n",
       "      <td>1.161075</td>\n",
       "      <td>0.616226</td>\n",
       "      <td>1.022606</td>\n",
       "      <td>0.612277</td>\n",
       "      <td>0.498835</td>\n",
       "      <td>0.439757</td>\n",
       "      <td>10.214569</td>\n",
       "    </tr>\n",
       "    <tr>\n",
       "      <th>min</th>\n",
       "      <td>29.000000</td>\n",
       "      <td>0.000000</td>\n",
       "      <td>0.000000</td>\n",
       "      <td>94.000000</td>\n",
       "      <td>126.000000</td>\n",
       "      <td>0.000000</td>\n",
       "      <td>0.000000</td>\n",
       "      <td>71.000000</td>\n",
       "      <td>0.000000</td>\n",
       "      <td>0.000000</td>\n",
       "      <td>0.000000</td>\n",
       "      <td>0.000000</td>\n",
       "      <td>0.000000</td>\n",
       "      <td>0.000000</td>\n",
       "      <td>0.000000</td>\n",
       "      <td>126.000000</td>\n",
       "    </tr>\n",
       "    <tr>\n",
       "      <th>25%</th>\n",
       "      <td>47.500000</td>\n",
       "      <td>0.000000</td>\n",
       "      <td>0.000000</td>\n",
       "      <td>120.000000</td>\n",
       "      <td>211.000000</td>\n",
       "      <td>0.000000</td>\n",
       "      <td>0.000000</td>\n",
       "      <td>133.500000</td>\n",
       "      <td>0.000000</td>\n",
       "      <td>0.000000</td>\n",
       "      <td>1.000000</td>\n",
       "      <td>0.000000</td>\n",
       "      <td>2.000000</td>\n",
       "      <td>0.000000</td>\n",
       "      <td>0.000000</td>\n",
       "      <td>137.000000</td>\n",
       "    </tr>\n",
       "    <tr>\n",
       "      <th>50%</th>\n",
       "      <td>55.000000</td>\n",
       "      <td>1.000000</td>\n",
       "      <td>1.000000</td>\n",
       "      <td>130.000000</td>\n",
       "      <td>240.000000</td>\n",
       "      <td>0.000000</td>\n",
       "      <td>1.000000</td>\n",
       "      <td>153.000000</td>\n",
       "      <td>0.000000</td>\n",
       "      <td>0.800000</td>\n",
       "      <td>1.000000</td>\n",
       "      <td>0.000000</td>\n",
       "      <td>2.000000</td>\n",
       "      <td>1.000000</td>\n",
       "      <td>0.000000</td>\n",
       "      <td>142.000000</td>\n",
       "    </tr>\n",
       "    <tr>\n",
       "      <th>75%</th>\n",
       "      <td>61.000000</td>\n",
       "      <td>1.000000</td>\n",
       "      <td>2.000000</td>\n",
       "      <td>140.000000</td>\n",
       "      <td>274.500000</td>\n",
       "      <td>0.000000</td>\n",
       "      <td>1.000000</td>\n",
       "      <td>166.000000</td>\n",
       "      <td>1.000000</td>\n",
       "      <td>1.600000</td>\n",
       "      <td>2.000000</td>\n",
       "      <td>1.000000</td>\n",
       "      <td>3.000000</td>\n",
       "      <td>1.000000</td>\n",
       "      <td>1.000000</td>\n",
       "      <td>142.000000</td>\n",
       "    </tr>\n",
       "    <tr>\n",
       "      <th>max</th>\n",
       "      <td>77.000000</td>\n",
       "      <td>1.000000</td>\n",
       "      <td>3.000000</td>\n",
       "      <td>200.000000</td>\n",
       "      <td>564.000000</td>\n",
       "      <td>1.000000</td>\n",
       "      <td>2.000000</td>\n",
       "      <td>202.000000</td>\n",
       "      <td>1.000000</td>\n",
       "      <td>6.200000</td>\n",
       "      <td>2.000000</td>\n",
       "      <td>4.000000</td>\n",
       "      <td>3.000000</td>\n",
       "      <td>1.000000</td>\n",
       "      <td>1.000000</td>\n",
       "      <td>169.000000</td>\n",
       "    </tr>\n",
       "  </tbody>\n",
       "</table>\n",
       "</div>"
      ],
      "text/plain": [
       "              age         sex          cp    trestbps        chol         fbs  \\\n",
       "count  303.000000  303.000000  303.000000  303.000000  303.000000  303.000000   \n",
       "mean    54.366337    0.683168    0.966997  131.623762  246.264026    0.148515   \n",
       "std      9.082101    0.466011    1.032052   17.538143   51.830751    0.356198   \n",
       "min     29.000000    0.000000    0.000000   94.000000  126.000000    0.000000   \n",
       "25%     47.500000    0.000000    0.000000  120.000000  211.000000    0.000000   \n",
       "50%     55.000000    1.000000    1.000000  130.000000  240.000000    0.000000   \n",
       "75%     61.000000    1.000000    2.000000  140.000000  274.500000    0.000000   \n",
       "max     77.000000    1.000000    3.000000  200.000000  564.000000    1.000000   \n",
       "\n",
       "          restecg     thalach       exang     oldpeak       slope          ca  \\\n",
       "count  303.000000  303.000000  303.000000  303.000000  303.000000  303.000000   \n",
       "mean     0.528053  149.646865    0.326733    1.039604    1.399340    0.729373   \n",
       "std      0.525860   22.905161    0.469794    1.161075    0.616226    1.022606   \n",
       "min      0.000000   71.000000    0.000000    0.000000    0.000000    0.000000   \n",
       "25%      0.000000  133.500000    0.000000    0.000000    1.000000    0.000000   \n",
       "50%      1.000000  153.000000    0.000000    0.800000    1.000000    0.000000   \n",
       "75%      1.000000  166.000000    1.000000    1.600000    2.000000    1.000000   \n",
       "max      2.000000  202.000000    1.000000    6.200000    2.000000    4.000000   \n",
       "\n",
       "             thal      target         old  trestbps_mean  \n",
       "count  303.000000  303.000000  303.000000     303.000000  \n",
       "mean     2.313531    0.544554    0.260726     142.792079  \n",
       "std      0.612277    0.498835    0.439757      10.214569  \n",
       "min      0.000000    0.000000    0.000000     126.000000  \n",
       "25%      2.000000    0.000000    0.000000     137.000000  \n",
       "50%      2.000000    1.000000    0.000000     142.000000  \n",
       "75%      3.000000    1.000000    1.000000     142.000000  \n",
       "max      3.000000    1.000000    1.000000     169.000000  "
      ]
     },
     "execution_count": 8,
     "metadata": {},
     "output_type": "execute_result"
    }
   ],
   "source": [
    "heart_data.describe()"
   ]
  },
  {
   "attachments": {},
   "cell_type": "markdown",
   "metadata": {},
   "source": [
    "Категориальные признаки: sex, cp, fbs, restecg, exang, slope, ca, thal, target\n",
    "\n",
    "Имеют более 2-х значений, не являются порядковыми, значит, нуждаются в доп.кодировании: cp, restecg, slope, ca, thal"
   ]
  },
  {
   "cell_type": "code",
   "execution_count": 62,
   "metadata": {},
   "outputs": [],
   "source": [
    "encoder = ce.OneHotEncoder(cols=['cp', 'restecg', 'slope', 'ca', 'thal']) # указываем столбец для кодирования\n",
    "type_bin = encoder.fit_transform(heart_data[['cp', 'restecg', 'slope', 'ca', 'thal']])\n",
    "heart_data = pd.concat([heart_data, type_bin], axis=1)"
   ]
  },
  {
   "cell_type": "code",
   "execution_count": 73,
   "metadata": {},
   "outputs": [
    {
     "data": {
      "text/html": [
       "<div>\n",
       "<style scoped>\n",
       "    .dataframe tbody tr th:only-of-type {\n",
       "        vertical-align: middle;\n",
       "    }\n",
       "\n",
       "    .dataframe tbody tr th {\n",
       "        vertical-align: top;\n",
       "    }\n",
       "\n",
       "    .dataframe thead th {\n",
       "        text-align: right;\n",
       "    }\n",
       "</style>\n",
       "<table border=\"1\" class=\"dataframe\">\n",
       "  <thead>\n",
       "    <tr style=\"text-align: right;\">\n",
       "      <th></th>\n",
       "      <th>age</th>\n",
       "      <th>sex</th>\n",
       "      <th>cp</th>\n",
       "      <th>trestbps</th>\n",
       "      <th>chol</th>\n",
       "      <th>fbs</th>\n",
       "      <th>restecg</th>\n",
       "      <th>thalach</th>\n",
       "      <th>exang</th>\n",
       "      <th>oldpeak</th>\n",
       "      <th>...</th>\n",
       "      <th>slope_3</th>\n",
       "      <th>ca_1</th>\n",
       "      <th>ca_2</th>\n",
       "      <th>ca_3</th>\n",
       "      <th>ca_4</th>\n",
       "      <th>ca_5</th>\n",
       "      <th>thal_1</th>\n",
       "      <th>thal_2</th>\n",
       "      <th>thal_3</th>\n",
       "      <th>thal_4</th>\n",
       "    </tr>\n",
       "  </thead>\n",
       "  <tbody>\n",
       "    <tr>\n",
       "      <th>0</th>\n",
       "      <td>63</td>\n",
       "      <td>1</td>\n",
       "      <td>3</td>\n",
       "      <td>145</td>\n",
       "      <td>233</td>\n",
       "      <td>1</td>\n",
       "      <td>0</td>\n",
       "      <td>150</td>\n",
       "      <td>0</td>\n",
       "      <td>2.3</td>\n",
       "      <td>...</td>\n",
       "      <td>0</td>\n",
       "      <td>1</td>\n",
       "      <td>0</td>\n",
       "      <td>0</td>\n",
       "      <td>0</td>\n",
       "      <td>0</td>\n",
       "      <td>1</td>\n",
       "      <td>0</td>\n",
       "      <td>0</td>\n",
       "      <td>0</td>\n",
       "    </tr>\n",
       "    <tr>\n",
       "      <th>1</th>\n",
       "      <td>37</td>\n",
       "      <td>1</td>\n",
       "      <td>2</td>\n",
       "      <td>130</td>\n",
       "      <td>250</td>\n",
       "      <td>0</td>\n",
       "      <td>1</td>\n",
       "      <td>187</td>\n",
       "      <td>0</td>\n",
       "      <td>3.5</td>\n",
       "      <td>...</td>\n",
       "      <td>0</td>\n",
       "      <td>1</td>\n",
       "      <td>0</td>\n",
       "      <td>0</td>\n",
       "      <td>0</td>\n",
       "      <td>0</td>\n",
       "      <td>0</td>\n",
       "      <td>1</td>\n",
       "      <td>0</td>\n",
       "      <td>0</td>\n",
       "    </tr>\n",
       "    <tr>\n",
       "      <th>2</th>\n",
       "      <td>41</td>\n",
       "      <td>0</td>\n",
       "      <td>1</td>\n",
       "      <td>130</td>\n",
       "      <td>204</td>\n",
       "      <td>0</td>\n",
       "      <td>0</td>\n",
       "      <td>172</td>\n",
       "      <td>0</td>\n",
       "      <td>1.4</td>\n",
       "      <td>...</td>\n",
       "      <td>0</td>\n",
       "      <td>1</td>\n",
       "      <td>0</td>\n",
       "      <td>0</td>\n",
       "      <td>0</td>\n",
       "      <td>0</td>\n",
       "      <td>0</td>\n",
       "      <td>1</td>\n",
       "      <td>0</td>\n",
       "      <td>0</td>\n",
       "    </tr>\n",
       "  </tbody>\n",
       "</table>\n",
       "<p>3 rows × 35 columns</p>\n",
       "</div>"
      ],
      "text/plain": [
       "   age  sex  cp  trestbps  chol  fbs  restecg  thalach  exang  oldpeak  ...  \\\n",
       "0   63    1   3       145   233    1        0      150      0      2.3  ...   \n",
       "1   37    1   2       130   250    0        1      187      0      3.5  ...   \n",
       "2   41    0   1       130   204    0        0      172      0      1.4  ...   \n",
       "\n",
       "   slope_3  ca_1  ca_2  ca_3  ca_4  ca_5  thal_1  thal_2  thal_3  thal_4  \n",
       "0        0     1     0     0     0     0       1       0       0       0  \n",
       "1        0     1     0     0     0     0       0       1       0       0  \n",
       "2        0     1     0     0     0     0       0       1       0       0  \n",
       "\n",
       "[3 rows x 35 columns]"
      ]
     },
     "execution_count": 73,
     "metadata": {},
     "output_type": "execute_result"
    }
   ],
   "source": [
    "heart_data.head(3)"
   ]
  },
  {
   "cell_type": "code",
   "execution_count": 72,
   "metadata": {},
   "outputs": [
    {
     "data": {
      "application/vnd.plotly.v1+json": {
       "config": {
        "plotlyServerURL": "https://plot.ly"
       },
       "data": [
        {
         "coloraxis": "coloraxis",
         "hovertemplate": "x: %{x}<br>y: %{y}<br>color: %{z}<extra></extra>",
         "name": "0",
         "texttemplate": "%{z}",
         "type": "heatmap",
         "x": [
          "age",
          "sex",
          "cp",
          "trestbps",
          "chol",
          "fbs",
          "restecg",
          "thalach",
          "exang",
          "oldpeak",
          "slope",
          "ca",
          "thal",
          "target",
          "old",
          "trestbps_mean",
          "cp_1",
          "cp_2",
          "cp_3",
          "cp_4",
          "restecg_1",
          "restecg_2",
          "restecg_3",
          "slope_1",
          "slope_2",
          "slope_3",
          "ca_1",
          "ca_2",
          "ca_3",
          "ca_4",
          "ca_5",
          "thal_1",
          "thal_2",
          "thal_3",
          "thal_4"
         ],
         "xaxis": "x",
         "y": [
          "age",
          "sex",
          "cp",
          "trestbps",
          "chol",
          "fbs",
          "restecg",
          "thalach",
          "exang",
          "oldpeak",
          "slope",
          "ca",
          "thal",
          "target",
          "old",
          "trestbps_mean",
          "cp_1",
          "cp_2",
          "cp_3",
          "cp_4",
          "restecg_1",
          "restecg_2",
          "restecg_3",
          "slope_1",
          "slope_2",
          "slope_3",
          "ca_1",
          "ca_2",
          "ca_3",
          "ca_4",
          "ca_5",
          "thal_1",
          "thal_2",
          "thal_3",
          "thal_4"
         ],
         "yaxis": "y",
         "z": [
          [
           1,
           -0.09844660247479375,
           -0.06865301584014537,
           0.27935090656128797,
           0.2136779565595619,
           0.1213076480933747,
           -0.11621089815852946,
           -0.3985219381210681,
           0.09680082645526811,
           0.21001256735867396,
           -0.16881423801209605,
           0.27632624401913936,
           0.06800137705465205,
           -0.22543871587483838,
           0.7180284360485246,
           0.6889548724410072,
           0.04751617176103534,
           -0.05943204583797498,
           -0.14739877239280383,
           0.13825268943546867,
           0.14139844133342022,
           -0.1606535988619073,
           0.08462123248001076,
           0.03053642614270504,
           -0.19257987778589175,
           0.17720113688991776,
           -0.35084380842531876,
           0.226491004104437,
           0.1792841888641905,
           0.16224302379935487,
           -0.1223780484001013,
           0.0637581178478102,
           -0.1358909918757614,
           0.11075169704259168,
           -0.01677850442446399
          ],
          [
           -0.09844660247479375,
           1,
           -0.04935287534698945,
           -0.0567688239696438,
           -0.19791217414110693,
           0.04503178919356035,
           -0.058196267703754766,
           -0.04401990776957467,
           0.14166381099150557,
           0.09609287706773899,
           -0.030710567303172596,
           0.11826141332036008,
           0.21004109563720721,
           -0.28093657550176676,
           -0.14494095160444137,
           -0.5056939494235472,
           0.0880431587551394,
           -0.11658801296577492,
           -0.041248835867763234,
           0.08962143381952921,
           0.03653867940743163,
           -0.011940131877776388,
           -0.10768939183440454,
           0.04618306319527963,
           -0.014356333120340847,
           -0.009157058782136714,
           -0.1228542539021882,
           -0.020571097588240588,
           0.09667267955263124,
           0.06675814382522399,
           0.08821192791916091,
           0.1411352160932396,
           -0.3763649342002982,
           0.32155934175265033,
           -0.03209252911742659
          ],
          [
           -0.06865301584014537,
           -0.04935287534698945,
           1,
           0.04760776064464909,
           -0.07690439103320765,
           0.09444403499533138,
           0.0444205925101639,
           0.29576212458791074,
           -0.39428026849502185,
           -0.14923015809708104,
           0.11971658853470653,
           -0.18105302605349538,
           -0.16173557051002235,
           0.43379826150689443,
           -0.02475306534640752,
           -0.03394793615132792,
           0.5655083775085207,
           0.6362832882188169,
           0.014239612466979648,
           -0.8872562683326206,
           -0.05863348226757772,
           0.0705747735338885,
           -0.052423289611506205,
           0.008740947699781527,
           0.15204049137701683,
           -0.15663315919658696,
           0.19308664749702334,
           -0.1716321843277094,
           -0.045685868686012564,
           -0.10758964011801349,
           0.05443574032173322,
           -0.07325354445584971,
           0.2669471403851383,
           -0.2377596455789033,
           0.0026109898198724527
          ],
          [
           0.27935090656128797,
           -0.0567688239696438,
           0.04760776064464909,
           1,
           0.12317420653239047,
           0.1775305419344599,
           -0.11410278639187008,
           -0.04669772814795376,
           0.06761611953876327,
           0.19321647240953582,
           -0.12147458192644964,
           0.10138898530055088,
           0.062209887630861084,
           -0.14493112849775,
           0.1806311742709584,
           0.2168010550844444,
           0.15134349923259058,
           -0.045107125516158336,
           -0.08185062586476745,
           0.021447155795777398,
           0.13324945177963818,
           -0.14657621418616154,
           0.05863508541897965,
           0.12238362201898906,
           -0.08747166845543969,
           0.025207406140592574,
           -0.05501108776394896,
           0.08838583202269619,
           -0.05948510676020997,
           0.08010882598252837,
           0.0190588647937248,
           0.07636869545832065,
           -0.14071189550995408,
           0.10957252263933176,
           -0.01687041251944211
          ],
          [
           0.2136779565595619,
           -0.19791217414110693,
           -0.07690439103320765,
           0.12317420653239047,
           1,
           0.013293602251671545,
           -0.15104007833751223,
           -0.009939838642698075,
           0.06702278257394262,
           0.05395191998699381,
           -0.004037770369683779,
           0.07051092522607601,
           0.09880299250014513,
           -0.08523910513756904,
           0.15938798976064125,
           0.2734399852890756,
           -0.050589086022781254,
           -0.03791823920644914,
           -0.012749604429445652,
           0.0706836910641561,
           0.16656451572619396,
           -0.17439359348744154,
           0.034614914025772874,
           -0.04533989746366946,
           -0.028053782822087012,
           0.05117665862490036,
           -0.08059967881746367,
           0.0598866342158833,
           0.0187754231270985,
           0.09856800437589629,
           -0.09578508279136173,
           -0.09356021877160633,
           -0.004591379806890563,
           0.059620591070008014,
           -0.057126565355257744
          ],
          [
           0.1213076480933747,
           0.04503178919356035,
           0.09444403499533138,
           0.1775305419344599,
           0.013293602251671545,
           1,
           -0.0841890544310268,
           -0.008567107343486924,
           0.025665147202126176,
           0.005747223459644359,
           -0.05989417829041802,
           0.1379793270278513,
           -0.03201933931349756,
           -0.028045760272712952,
           0.02679029893805288,
           0.04218827037953394,
           0.055511401716629806,
           0.0836788800484175,
           -0.06064932426457904,
           -0.06019007541179642,
           0.07740451149704568,
           -0.06634406519347161,
           -0.04830485751502976,
           0.10528437716678957,
           -0.0202553951414159,
           -0.03335998907031575,
           -0.11254767047105296,
           0.12207959674895627,
           -0.014774198289694056,
           0.07586662951173492,
           0.01875363065970862,
           0.09135121428178339,
           -0.08677381172588149,
           0.030952774938668458,
           0.08056849439458823
          ],
          [
           -0.11621089815852946,
           -0.058196267703754766,
           0.0444205925101639,
           -0.11410278639187008,
           -0.15104007833751223,
           -0.0841890544310268,
           1,
           0.04412344408543699,
           -0.07073285587236658,
           -0.05877022631983708,
           0.0930448209744822,
           -0.07204243324693001,
           -0.011981404599806436,
           0.1372295028737732,
           -0.067530518542676,
           -0.01647955939047491,
           -0.07465439452172057,
           0.08419602444369044,
           0.077859437931394,
           -0.09459096546270289,
           -0.9763864896164194,
           0.9019340199428165,
           0.32429083186401014,
           -0.02695784357135017,
           0.10098940538881317,
           -0.0873494206986365,
           0.0966071427006096,
           -0.058197776087185814,
           -0.05089671165410217,
           -0.06484237540546127,
           0.06709798719066172,
           -0.013428829468902783,
           0.029597118524092098,
           -0.02301175636844059,
           -0.004355681208311963
          ],
          [
           -0.3985219381210681,
           -0.04401990776957467,
           0.29576212458791074,
           -0.04669772814795376,
           -0.009939838642698075,
           -0.008567107343486924,
           0.04412344408543699,
           1,
           -0.3788120938514863,
           -0.34418694796671606,
           0.38678440981481926,
           -0.21317692811538935,
           -0.09643913165982082,
           0.4217409338106742,
           -0.271898098813903,
           -0.20504798950189382,
           0.07908154563554243,
           0.16547534840832492,
           0.2483171678672549,
           -0.37656050172652605,
           -0.07395280210073653,
           0.10151206355467293,
           -0.12087036059734266,
           -0.05659011126119459,
           0.44804280901443977,
           -0.4196267684443724,
           0.2731357660813054,
           -0.05690484892732584,
           -0.19550155483912415,
           -0.17550643084824843,
           0.06091110424277792,
           -0.15974816056575217,
           0.2948010397646414,
           -0.21541710737203468,
           -0.05042854542369675
          ],
          [
           0.09680082645526811,
           0.14166381099150557,
           -0.39428026849502185,
           0.06761611953876327,
           0.06702278257394262,
           0.025665147202126176,
           -0.07073285587236658,
           -0.3788120938514863,
           1,
           0.28822280778276554,
           -0.25774836853016647,
           0.11573937807050606,
           0.20675378773953748,
           -0.43675708335330315,
           0.01904286396310541,
           -0.025127857764561744,
           -0.09338432696006022,
           -0.27102836153750115,
           -0.23386291209388796,
           0.46906073108013635,
           0.08405913551433437,
           -0.09377635979490456,
           0.042728832239197476,
           0.05925269706207399,
           -0.2876064912928914,
           0.2576865021334319,
           -0.18773386442392503,
           0.09739907433839716,
           0.15020579476096732,
           0.013187978062608472,
           -0.035000593887185766,
           0.06307302559879238,
           -0.32853930622494326,
           0.30022347990909,
           0.0301133015016747
          ],
          [
           0.21001256735867396,
           0.09609287706773899,
           -0.14923015809708104,
           0.19321647240953582,
           0.05395191998699381,
           0.005747223459644359,
           -0.05877022631983708,
           -0.34418694796671606,
           0.28822280778276554,
           1,
           -0.5775368167291409,
           0.22268232182782355,
           0.21024412598264872,
           -0.4306960016873686,
           0.1599969903576601,
           0.10430709247001328,
           0.08695915471694204,
           -0.13244367601403423,
           -0.2775129392391542,
           0.28024311405011526,
           0.10014088742526894,
           -0.1384864642635669,
           0.1681720936938018,
           0.3942529415207495,
           -0.5113563128066387,
           0.3109861559633351,
           -0.20480343212454383,
           0.21831917875206353,
           -0.011612738256914674,
           0.18929612390279973,
           -0.1049975751066834,
           0.10463455562087295,
           -0.33908560617714695,
           0.30214528872114566,
           -0.03794586340304505
          ],
          [
           -0.16881423801209605,
           -0.030710567303172596,
           0.11971658853470653,
           -0.12147458192644964,
           -0.004037770369683779,
           -0.05989417829041802,
           0.0930448209744822,
           0.38678440981481926,
           -0.25774836853016647,
           -0.5775368167291409,
           1,
           -0.0801552102146397,
           -0.1047637946214955,
           0.34587707824172464,
           -0.11666644713427156,
           -0.08145551510981339,
           -0.06450887576421405,
           0.10976944219203688,
           0.2028070681004954,
           -0.2160563217549111,
           -0.12561828453067417,
           0.1534311411006555,
           -0.12207992002763998,
           -0.6207061427862306,
           0.9169332378804447,
           -0.6015762463859724,
           0.06641810856515884,
           -0.03522944268642788,
           0.0005607035283968278,
           -0.10774356525251104,
           0.0422489133197032,
           -0.18582458659377385,
           0.2986710961751485,
           -0.21731829016905957,
           0.013337262010217647
          ],
          [
           0.27632624401913936,
           0.11826141332036008,
           -0.18105302605349538,
           0.10138898530055088,
           0.07051092522607601,
           0.1379793270278513,
           -0.07204243324693001,
           -0.21317692811538935,
           0.11573937807050606,
           0.22268232182782355,
           -0.0801552102146397,
           1,
           0.15183212548208916,
           -0.39172399235125244,
           0.21633000376705666,
           0.15246315190186704,
           -0.07049557183284057,
           -0.08899838311808657,
           -0.13471514207715982,
           0.21822624951251565,
           0.08267862647192858,
           -0.08964150444088227,
           0.03066019951387447,
           -0.04221809015131631,
           -0.12030578954736762,
           0.14192320829983845,
           -0.8353587690586364,
           0.47129877783757684,
           0.13853157596808446,
           0.5912578788596483,
           0.4149705222105,
           0.06661843064501305,
           -0.22133110662585925,
           0.20360094049265967,
           -0.05823589394114124
          ],
          [
           0.06800137705465205,
           0.21004109563720721,
           -0.16173557051002235,
           0.062209887630861084,
           0.09880299250014513,
           -0.03201933931349756,
           -0.011981404599806436,
           -0.09643913165982082,
           0.20675378773953748,
           0.21024412598264872,
           -0.1047637946214955,
           0.15183212548208916,
           1,
           -0.34402926803830997,
           0.015139059475494172,
           -0.028721382434642655,
           -0.024691686184961762,
           -0.11071385218080153,
           -0.12620394814191085,
           0.2072771526428491,
           -0.0009626544345189646,
           0.014504800496781226,
           -0.05932607615993432,
           0.008840238088610572,
           -0.12465805796171607,
           0.12026932310011541,
           -0.17344750938769124,
           0.066609094158788,
           0.10023199953839036,
           0.08109570357800241,
           0.018323388070595983,
           -0.5400382394595361,
           -0.5646053432936868,
           0.8906917134758261,
           -0.308515782758255
          ],
          [
           -0.22543871587483838,
           -0.28093657550176676,
           0.43379826150689443,
           -0.14493112849775,
           -0.08523910513756904,
           -0.028045760272712952,
           0.1372295028737732,
           0.4217409338106742,
           -0.43675708335330315,
           -0.4306960016873686,
           0.34587707824172464,
           -0.39172399235125244,
           -0.34402926803830997,
           1,
           -0.12105624637053936,
           0.0001994603605406856,
           0.086956874646376,
           0.31674215819553986,
           0.24587909539147892,
           -0.5160146415680592,
           -0.15977519309753474,
           0.17532180367281433,
           -0.06841023951783205,
           -0.06355367152221429,
           0.3940663689190677,
           -0.36205329955882015,
           0.4655901164650853,
           -0.27399786843672735,
           -0.23241223605510272,
           -0.21061526518093024,
           0.06644102373322476,
           -0.10658897385508212,
           0.5273335503160473,
           -0.48611215300093835,
           -0.007292627036773161
          ],
          [
           0.7180284360485246,
           -0.14494095160444137,
           -0.02475306534640752,
           0.1806311742709584,
           0.15938798976064125,
           0.02679029893805288,
           -0.067530518542676,
           -0.271898098813903,
           0.01904286396310541,
           0.1599969903576601,
           -0.11666644713427156,
           0.21633000376705666,
           0.015139059475494172,
           -0.12105624637053936,
           1,
           0.630583431652549,
           0.05686017638616577,
           -0.027967015261175145,
           -0.12224493892776746,
           0.08607604874178167,
           0.07029181089565743,
           -0.06961612545612597,
           -0.0028257921066410885,
           0.015531927975815698,
           -0.1359264095196757,
           0.12813915581646507,
           -0.2226066775403632,
           0.16098452310922123,
           0.05590607735287653,
           0.17516048768299514,
           -0.0769248054603342,
           0.009760829151775379,
           -0.004237083700959639,
           0.007643711752364635,
           -0.04840846219567375
          ],
          [
           0.6889548724410072,
           -0.5056939494235472,
           -0.03394793615132792,
           0.2168010550844444,
           0.2734399852890756,
           0.04218827037953394,
           -0.01647955939047491,
           -0.20504798950189382,
           -0.025127857764561744,
           0.10430709247001328,
           -0.08145551510981339,
           0.15246315190186704,
           -0.028721382434642655,
           0.0001994603605406856,
           0.630583431652549,
           1,
           -0.0161515703444881,
           0.01651651687443397,
           -0.09991993851610735,
           0.06789721703455494,
           0.03533343544803287,
           -0.05333273615032551,
           0.07891720163371232,
