INFO: 2023-02-13 09:55:52,481: Data
INFO: 2023-02-13 09:55:52,484: Data shape (110527, 14)
INFO: 2023-02-13 09:55:52,518: Percentage of women: 0.653882342398853
INFO: 2023-02-13 09:55:52,553: Percentage of men: 0.346117657601147
ERROR: 2023-02-13 09:55:52,559: Data shape is incorrect!
